0 0.100260 0.067956 0.138672 0.074586
0 0.311198 0.073481 0.119792 0.102210
0 0.902344 0.076796 0.147786 0.082320
0 0.699870 0.059116 0.147786 0.102762
0 0.505208 0.063536 0.126953 0.102210
0 0.872396 0.896685 0.159505 0.104972
0 0.680990 0.893923 0.139323 0.104420
0 0.481120 0.899448 0.141276 0.108287
0 0.282552 0.900553 0.151693 0.107182
0 0.091797 0.900000 0.134766 0.118785
0 0.883464 0.738122 0.121094 0.116575
0 0.695312 0.745304 0.155599 0.133702
0 0.497396 0.748066 0.144531 0.120442
0 0.286458 0.744199 0.151042 0.123204
0 0.101562 0.744751 0.157552 0.118232
0 0.881510 0.562983 0.155599 0.116022
0 0.676432 0.562431 0.123698 0.108840
0 0.506510 0.570166 0.111979 0.106077
0 0.287760 0.565746 0.125651 0.108287
0 0.100911 0.576796 0.141276 0.138122
0 0.891276 0.408840 0.117839 0.126519
0 0.708333 0.399448 0.121745 0.119890
0 0.503906 0.408287 0.111328 0.108840
0 0.329427 0.397790 0.081380 0.095028
0 0.108073 0.400000 0.118490 0.098343
0 0.104818 0.227624 0.132161 0.103867
0 0.907552 0.233702 0.128906 0.102762
0 0.686198 0.232044 0.121094 0.094475
0 0.498698 0.236464 0.099609 0.083978
0 0.299479 0.227624 0.102214 0.091160